1 185 2160 1
1 490 2160 4
1 3315 2160 4
1 3694 2160 4
1 4821 2160 5
1 5015 2160 5
1 6649 2160 4
1 6821 2160 5
1 7042 2160 4
1 7434 2160 4
1 8883 2160 1
1 8942 2160 5
1 9444 2160 4
1 9553 2160 1
1 10200 2160 4
1 10445 2160 3
1 10565 2160 5
1 11201 2160 4
1 12819 2160 5
1 13180 2160 4
1 13207 2160 5
1 13783 2160 4
1 15017 2160 3
1 16133 2160 1
1 16207 2083 4
2 161 1936 5
2 300 1360 5
2 404 1618 3
2 490 1705 1
2 635 1507 4
2 1174 1408 4
2 1220 1360 4
2 1282 1705 3
2 2532 1408 4
2 2869 1909 3
2 2894 1444 1
2 2921 1647 2
2 3048 1372 3
2 3411 1705 5
2 3415 1570 5
2 3739 1457 3
2 3955 1408 1
2 4483 1731 4
2 4691 1909 4
2 5363 1618 5
2 5459 1659 4
2 5668 1507 5
2 5682 1341 4
2 6321 1494 4
2 6355 1705 3
2 6370 1372 3
2 6724 1959 2
2 6928 1539 4
2 6990 1408 3
2 8149 1598 5
2 8168 1992 1
2 8812 1762 5
2 8883 1576 4
2 9277 1444 4
2 9726 1560 3
2 10126 1406 4
2 10367 1545 2
2 10411 1465 3
2 10600 1560 2
2 10976 1539 5
2 11039 1633 3
2 11184 1341 4
2 11650 1583 4
2 13288 1545 5
2 13390 1457 5
2 13416 1611 4
2 13797 1821 2
2 13848 1520 5
2 13893 1444 4
2 14720 1705 5
2 15183 1408 2
2 16238 1349 2
2 16476 1560 3
2 16918 1618 4
2 17160 1762 4
2 17195 1548 4
2 17316 1731 4
3 100 2189 4
3 140 2189 3
3 284 2191 4
3 326 2176 5
3 393 2176 5
3 425 2177 5
3 510 2189 4
3 739 2176 5
3 752 2189 5
3 785 2189 3
3 922 2189 3
3 981 2191 5
3 1058 2177 5
3 1165 2191 5
3 1190 2189 4
3 1204 2189 3
3 1358 2177 5
3 1413 2189 4
